0.634
0, 4,  2175552743
0, 4,  1962781621
0, 4,  2061680723
0, 4,  1469174690
0, 4,  1972113488
0, 4,  2000722236
0, 4,  2014135842
0, 4,  2049461606
0, 4,  1832636113
0, 4,  2187665340
0, 4,  2052989558
0, 4,  1880486592
0, 4,  1999082500
0, 4,  1559388406
0, 4,  1979154668
0, 4,  2191433897
0, 4,  1795959733
0, 4,  2189630842
0, 4,  2186814910
0, 4,  2193155115
0, 4,  2015449991
4, 0,  1968149051
0, 4,  2185486603
0, 4,  1753759555
0, 4,  1564855353
0, 4,  1825508585
0, 4,  1964588954
0, 4,  2017466467
0, 4,  2179106755
0, 4,  1978067922
0, 4,  1836206648
0, 4,  2052119660
0, 4,  1793706336
4, 0,  1752124791
0, 4,  1685218362
0, 4,  1880458216
0, 4,  2060207145
0, 4,  1835887178
0, 4,  2012276128
0, 4,  2065477057
0, 4,  1960229206
0, 4,  1573349825
0, 4,  1793986860
4, 0,  2176477147
4, 0,  2261700276
0, 4,  1979683045
0, 4,  2187367873
0, 4,  2060187656
4, 0,  2054590838
0, 4,  2017194237
0, 4,  2002524431
0, 4,  1972194617
0, 4,  2060293142
0, 4,  2006532087
4, 0,  2174728297
0, 4,  1968135638
4, 0,  2054199041
0, 4,  1988726701
4, 0,  2325910133
4, 0,  2175494955
0, 4,  1985608976
0, 4,  2051317114
0, 4,  1975536237
0, 4,  1985986516
0, 4,  1966596674
0, 4,  2065281189
0, 4,  2000400499
0, 4,  1833330900
0, 4,  2063495580
4, 0,  2184423890
4, 0,  1985820444
0, 4,  2063413171
0, 4,  1968927976
0, 4,  2180252013
0, 4,  2062361546
0, 4,  1558792776
0, 4,  2062721770
4, 0,  1833566597
4, 0,  2204819292
0, 4,  1965620313
0, 4,  2176838725
0, 4,  1753073797
0, 4,  1981296175
4, 0,  2055322852
0, 4,  1827541938
0, 4,  2057958274
0, 4,  1992892848
0, 4,  1548700297
4, 0,  1550838931
4, 0,  1969464607
0, 4,  1996066741
0, 4,  1834364862
0, 4,  1956421114
0, 4,  1827648079
0, 4,  2000671213
0, 4,  1564089971
0, 4,  1994316027
0, 4,  2002443505
0, 4,  1990447518
0, 4,  1554016844
0, 4,  2058930753
0, 4,  1470068706
0, 4,  1995940365
0, 4,  2054921288
4, 0,  2070183042
0, 4,  2057819813
0, 4,  1979698808
0, 4,  2062399417
0, 4,  2189605228
0, 4,  2048223166
0, 4,  1551242276
0, 4,  1828040051
0, 4,  1981029899
0, 4,  1974741993
0, 4,  1988770562
4, 0,  2226215344
0, 4,  2176277100
4, 0,  1978805659
4, 0,  1989568749
0, 4,  1963820192
0, 4,  2063822521
4, 0,  2252940766
0, 4,  2179554578
0, 4,  2062893215
0, 4,  2187438678
0, 4,  2071847294
0, 4,  1997659079
0, 4,  1553584021
0, 4,  1995446739
4, 0,  1932993159
0, 4,  2175159397
0, 4,  1971513366
0, 4,  1795134642
0, 4,  1999486820
0, 4,  1968766091
4, 0,  2237917924
0, 4,  2053298538
4, 0,  2222282541
0, 4,  2052866830
0, 4,  1824621390
0, 4,  2058829297
0, 4,  1995041705
0, 4,  2068498188
0, 4,  1834831477
0, 4,  1982431031
4, 0,  2202694750
0, 4,  2013178948
0, 4,  1979295924
0, 4,  2180849131
0, 4,  1759817127
0, 4,  1977704286
4, 0,  2013410894
0, 4,  2009186598
0, 4,  2188820943
0, 4,  1572913626
0, 4,  2192038700
4, 0,  1752443716
0, 4,  1555729487
0, 4,  1989739011
0, 4,  1695657091
0, 4,  2066884555
0, 4,  2175843088
0, 4,  1957241010
0, 4,  1993665707
0, 4,  1880877750
0, 4,  1753415392
0, 4,  1563811535
4, 0,  1985693275
0, 4,  2060924768
0, 4,  2059068356
0, 4,  2014295733
0, 4,  2180750301
4, 0,  2260205492
0, 4,  1770746727
4, 0,  2266396988
0, 4,  1995128672
0, 4,  2015063840
0, 4,  2176837703
0, 4,  1970521949
0, 4,  1880934027
0, 4,  1978881072
0, 4,  1825084508
0, 4,  2049878032
0, 4,  1982049837
0, 4,  1980254470
0, 4,  2188130061
4, 0,  2245909947
0, 4,  1979350277
0, 4,  2070346506
4, 0,  2218737777
0, 4,  1967455796
0, 4,  1558479420
0, 4,  1977332203
0, 4,  2003317043
0, 4,  1824715026
0, 4,  1880580631
0, 4,  1882797844
0, 4,  1996420073
0, 4,  1984566029
0, 4,  1883056201
0, 4,  1995721580
0, 4,  1676760032
0, 4,  1836456373
4, 0,  1975655102
0, 4,  1992316009
0, 4,  2017485812
4, 0,  2259825671
0, 4,  1964545474
0, 4,  2018686618
0, 4,  2055152777
0, 4,  2176766049
0, 4,  1573718285
0, 4,  2060923067
4, 0,  2299667383
0, 4,  2068038111
0, 4,  1754790896
0, 4,  1825559196
0, 4,  1468407171
0, 4,  1992519882
0, 4,  2191805187
0, 4,  2062936342
0, 4,  1795363659
0, 4,  1551585303
0, 4,  2015556169
0, 4,  2031448467
0, 4,  2174519343
0, 4,  1972771911
0, 4,  1978989850
0, 4,  1963199940
0, 4,  1694533257
0, 4,  1686216416
0, 4,  2050004524
0, 4,  2177428713
0, 4,  2062290214
4, 0,  1981443860
0, 4,  1985840139
0, 4,  1979558827
0, 4,  1994185604
0, 4,  2188448988
0, 4,  1956451265
0, 4,  2055772843
0, 4,  1558343258
4, 0,  2230091004
0, 4,  1966596581
0, 4,  2064157580
0, 4,  1694882523
0, 4,  1977053993
0, 4,  1554525444
4, 0,  2055502943
0, 4,  1834307574
0, 4,  1685573214
0, 4,  1990841329
0, 4,  1676761515
0, 4,  1961721192
0, 4,  1984260078
0, 4,  2189864901
0, 4,  2006145361
4, 0,  2249705150
4, 0,  2203664869
0, 4,  2061473271
0, 4,  2071729576
0, 4,  2180847578
0, 4,  1990361201
0, 4,  1834535400
0, 4,  1970622213
0, 4,  2060085655
0, 4,  2018732908
4, 0,  2323712175
4, 0,  2012627762
0, 4,  1979190637
0, 4,  2017685208
4, 0,  1955865840
0, 4,  1693533756
0, 4,  1793289893
4, 0,  1834605969
4, 0,  1992871959
0, 4,  2052512465
0, 4,  2186502454
0, 4,  2047547757
4, 0,  2180952604
0, 4,  2066029270
4, 0,  2260599722
0, 4,  2062955047
0, 4,  1755508143
0, 4,  1468556115
4, 0,  1686700182
0, 4,  1753238091
4, 0,  2011239116
0, 4,  2060528023
0, 4,  1967983859
4, 0,  2007086355
4, 0,  2247904905
0, 4,  2057710367
0, 4,  2000302851
4, 0,  1791791919
0, 4,  1833896516
0, 4,  1964426372
4, 0,  2054092240
4, 0,  2176289936
0, 4,  1976734877
0, 4,  2066921376
0, 4,  1988794017
0, 4,  1978011295
0, 4,  1693377549
0, 4,  1996859713
0, 4,  1976091889
0, 4,  1982167358
0, 4,  1824637314
0, 4,  2015163696
0, 4,  2056316017
0, 4,  2179514643
0, 4,  2072530627
0, 4,  1836207117
0, 4,  1833687514
0, 4,  2175212665
0, 4,  1980604360
0, 4,  2177881704
0, 4,  1881517208
0, 4,  1752874075
0, 4,  2056260561
4, 0,  1752767220
0, 4,  2014168508
0, 4,  1983793863
0, 4,  2062743443
0, 4,  1833784358
0, 4,  2067219174
0, 4,  2062710646
0, 4,  2058008953
0, 4,  1970195826
0, 4,  1753155229
0, 4,  1970221818
4, 0,  2205857831
0, 4,  2185487113
0, 4,  1932276847
0, 4,  2045483017
0, 4,  1676891637
0, 4,  2175119599
0, 4,  1559908144
0, 4,  2054717302
0, 4,  1834543876
0, 4,  1985366887
0, 4,  1966375792
0, 4,  2044346523
4, 0,  2194155386
0, 4,  1969783607
0, 4,  1966839231
0, 4,  2192335886
0, 4,  1677504257
0, 4,  1880956893
0, 4,  2062993720
0, 4,  1833695071
0, 4,  1985348873
0, 4,  2180204266
0, 4,  2065625176
4, 0,  1975619383
0, 4,  2058181085
0, 4,  1833587520
0, 4,  1793987031
0, 4,  2064168025
0, 4,  1983969684
0, 4,  1556116674
0, 4,  1827487171
0, 4,  2004305396
4, 0,  2265414609
0, 4,  1556940346
0, 4,  1678153109
4, 0,  1984879707
0, 4,  1826561413
0, 4,  2065478647
0, 4,  1551271087
0, 4,  1827469657
0, 4,  2185263899
4, 0,  1961257112
0, 4,  2063556280
0, 4,  2187730183
0, 4,  2014579913
0, 4,  1966185081
0, 4,  1557980464
0, 4,  2051435061
4, 0,  2298765694
0, 4,  1883455033
0, 4,  2000788784
0, 4,  2067049834
0, 4,  1995956924
0, 4,  1974444395
0, 4,  1961355870
0, 4,  1964939778
0, 4,  2177738890
0, 4,  1981969904
0, 4,  1990524894
0, 4,  1970345420
4, 0,  2065175912
0, 4,  1961298221
0, 4,  2180929338
0, 4,  2057402985
0, 4,  1468653891
4, 0,  2259576394
0, 4,  1974833372
4, 0,  2175714348
0, 4,  2052694297
0, 4,  1964197084
0, 4,  1981770082
0, 4,  2062712676
0, 4,  1564733573
0, 4,  1685536370
0, 4,  2012312804
0, 4,  2187794912
0, 4,  1971345070
4, 0,  2064182414
0, 4,  2054918386
0, 4,  2190388246
0, 4,  1999708883
4, 0,  2191150710
0, 4,  2044464986
4, 0,  2013653469
0, 4,  2054934009
0, 4,  2067315849
0, 4,  2048303505
0, 4,  1824181707
0, 4,  1793332033
0, 4,  2187664371
0, 4,  1969964448
0, 4,  1685983053
0, 4,  1982248051
0, 4,  1984312105
0, 4,  2063803775
0, 4,  1978971910
0, 4,  2193153389
0, 4,  2185421872
0, 4,  2001789372
0, 4,  1965966826
0, 4,  1956966443
0, 4,  1972226044
0, 4,  1977332144
0, 4,  1687042965
0, 4,  1755842151
0, 4,  2190832566
0, 4,  1981390181
0, 4,  1834661351
0, 4,  2063999872
0, 4,  2190643944
0, 4,  1676064946
0, 4,  1753518278
0, 4,  2017704222
0, 4,  2181847790
0, 4,  1960962796
0, 4,  1687216453
0, 4,  2048010284
0, 4,  2061667449
0, 4,  2059613708
0, 4,  2058097316
0, 4,  1558733859
0, 4,  2048031475
0, 4,  1976722420
4, 0,  2001696507
0, 4,  1997678271
0, 4,  1968956230
0, 4,  1677643925
0, 4,  1992520476
0, 4,  2063145622
0, 4,  1882128427
0, 4,  2068890921
0, 4,  1827098699
0, 4,  2182479719
0, 4,  1880410369
4, 0,  1971329093
0, 4,  1970802419
0, 4,  1882268773
0, 4,  1881542792
0, 4,  2047857307
0, 4,  2072282027
0, 4,  1835130753
0, 4,  2178210195
0, 4,  2176350070
0, 4,  1997829491
0, 4,  2174751742
0, 4,  2051498708
0, 4,  1833556451
0, 4,  2191530673
0, 4,  2062363423
4, 0,  1995928037
0, 4,  1970691092
0, 4,  1836134023
0, 4,  2000020095
0, 4,  1979561605
0, 4,  2058111303
0, 4,  1880904154
0, 4,  2058860623
0, 4,  2013974188
0, 4,  1793776408
0, 4,  1968862893
0, 4,  2177067197
0, 4,  2185379003
4, 0,  1967342030
0, 4,  2063324447
0, 4,  1676483353
0, 4,  2052959197
0, 4,  1972330944
0, 4,  1881211148
0, 4,  2048516472
0, 4,  1984053950
0, 4,  1833986077
0, 4,  1962437858
0, 4,  1975408857
0, 4,  2069567914
0, 4,  2071222739
0, 4,  1998065234
0, 4,  1986329088
4, 0,  2064575078
4, 0,  2241540513
0, 4,  2062658321
0, 4,  2189038631
0, 4,  1977134499
0, 4,  2044005644
0, 4,  1966945807
0, 4,  1977997080
4, 0,  1965757595
0, 4,  1754378592
0, 4,  1980433807
0, 4,  2051659530
0, 4,  1969692403
0, 4,  1980331116
0, 4,  2052467543
0, 4,  1956211993
0, 4,  1969471601
0, 4,  2063572918
0, 4,  2179255917
0, 4,  2059428675
0, 4,  1991385377
4, 0,  2296997363
0, 4,  1967621173
0, 4,  1755510562
0, 4,  2064359618
4, 0,  2066780932
0, 4,  1963819350
0, 4,  2047902007
0, 4,  1969440099
0, 4,  1996636038
0, 4,  2043977298
0, 4,  1880955370
0, 4,  1824917742
0, 4,  1974219174
0, 4,  1995191483
4, 0,  1694873919
0, 4,  1691821659
0, 4,  2061921588
0, 4,  1550819739
0, 4,  1977270217
0, 4,  1965638677
0, 4,  2049384285
0, 4,  1962352529
0, 4,  2002316821
0, 4,  2003792939
0, 4,  1680922409
0, 4,  1565045759
0, 4,  2009989333
0, 4,  1979116263
0, 4,  2060509744
0, 4,  1881580411
4, 0,  2014730504
0, 4,  1960823271
0, 4,  1834330849
0, 4,  2008559579
0, 4,  2001362520
0, 4,  1880392178
0, 4,  2039895863
0, 4,  1969681049
0, 4,  2185487894
0, 4,  1693631521
0, 4,  1556531101
0, 4,  1833965499
0, 4,  1989380034
0, 4,  2179799222
0, 4,  2186247335
0, 4,  2012667329
0, 4,  1792938068
0, 4,  2056206241
0, 4,  1553584195
0, 4,  2047296850
0, 4,  1551025320
0, 4,  1962678655
0, 4,  2045107513
0, 4,  1973520434
0, 4,  1970041576
0, 4,  1995719503
0, 4,  1793958511
0, 4,  2175517803
0, 4,  2056426424
0, 4,  1989832354
4, 0,  1834617869
0, 4,  2051645543
0, 4,  2175118901
0, 4,  2017011677
0, 4,  2000222270
4, 0,  2175595552
0, 4,  1992646008
0, 4,  1678336120
4, 0,  2234617941
0, 4,  1559643205
0, 4,  2176161024
0, 4,  2052050498
0, 4,  2018011913
0, 4,  1972211822
0, 4,  1827462333
0, 4,  2053191360
0, 4,  1686957828
0, 4,  1982835826
4, 0,  2016320660
0, 4,  2174722994
0, 4,  1468600795
4, 0,  1693935567
4, 0,  2050405738
0, 4,  2190011510
4, 0,  1752697690
0, 4,  1880146681
0, 4,  2191983084
0, 4,  1792481006
0, 4,  2050904698
0, 4,  1882914897
0, 4,  2032885050
0, 4,  1692256233
0, 4,  1827673963
0, 4,  1995274647
0, 4,  2058861576
0, 4,  2058010594
0, 4,  2000139017
0, 4,  2071989593
0, 4,  1964705872
0, 4,  1985251289
0, 4,  1833224405
0, 4,  1977996441
0, 4,  1972047168
0, 4,  1996065978
0, 4,  1834117076
0, 4,  1967361245
4, 0,  2200853991
0, 4,  1969856914
4, 0,  2194048360
0, 4,  1792115648
0, 4,  2189097652
0, 4,  2001051834
0, 4,  1977231388
0, 4,  1832769582
0, 4,  1979566665
4, 0,  1986920737
0, 4,  2051257808
0, 4,  1564381575
0, 4,  1794866418
4, 0,  1967303916
0, 4,  1933235688
0, 4,  1997910286
0, 4,  2016175717
4, 0,  2031238773
0, 4,  1976479392
0, 4,  1827381832
0, 4,  1827699089
4, 0,  1676871909
0, 4,  2050695195
4, 0,  2189571725
0, 4,  1564585458
0, 4,  2016055363
0, 4,  2189212385
4, 0,  1676947102
0, 4,  1822323345
0, 4,  1883560665
0, 4,  2016105149
0, 4,  2014917009
0, 4,  1564585741
0, 4,  1963199198
0, 4,  1979256390
4, 0,  2067701544
0, 4,  1825200700
4, 0,  2000760726
0, 4,  2002253983
0, 4,  2058113264
4, 0,  2237701032
0, 4,  1676954357
0, 4,  1880103290
4, 0,  2236125408
0, 4,  2189694955
0, 4,  2051611525
4, 0,  1977188181
4, 0,  2052597930
0, 4,  1793658942
4, 0,  2251131530
0, 4,  2049539137
4, 0,  2220843642
0, 4,  1548812521
0, 4,  1998269815
0, 4,  1880609719
0, 4,  1960218192
0, 4,  1992996284
0, 4,  1969959604
0, 4,  2002411368
0, 4,  2069472657
0, 4,  1793397206
0, 4,  2056790509
0, 4,  1980871245
4, 0,  1933168908
0, 4,  1552035688
0, 4,  1880841222
0, 4,  1880016348
0, 4,  1468147480
0, 4,  1760360855
0, 4,  1992605142
4, 0,  2015588045
0, 4,  2186434592
0, 4,  1979567381
0, 4,  1754473317
4, 0,  2245829482
0, 4,  1978618552
0, 4,  2188988696
0, 4,  1996193781
0, 4,  1468974247
0, 4,  1556571579
0, 4,  2053379325
0, 4,  1989694330
0, 4,  2186672789
0, 4,  2061046866
0, 4,  1982151617
0, 4,  1469556886
0, 4,  2053022842
0, 4,  1994631126
0, 4,  2178342977
0, 4,  1969975853
0, 4,  2001179681
4, 0,  1976830613
0, 4,  1880039125
0, 4,  1978854801
0, 4,  1988883408
0, 4,  2052387006
4, 0,  1985421523
0, 4,  1795603324
0, 4,  1467971937
0, 4,  2014815438
4, 0,  1676907664
0, 4,  1973842931
0, 4,  2189469200
0, 4,  1880285788
0, 4,  2177164459
0, 4,  1993837609
0, 4,  2182122414
0, 4,  1957629260
0, 4,  1693934208
0, 4,  1977053537
0, 4,  2071967305
0, 4,  1678692984
0, 4,  2013457990
0, 4,  1990000835
0, 4,  1970338464
0, 4,  1961150585
0, 4,  1974675381
0, 4,  1932774181
0, 4,  1563448050
0, 4,  1555759472
4, 0,  1976969897
0, 4,  1989542505
4, 0,  1998163432
0, 4,  2192464260
4, 0,  1823040086
0, 4,  1827447858
0, 4,  2002002173
0, 4,  1972098073
0, 4,  2064711519
0, 4,  1992108840
0, 4,  1793030207
0, 4,  2051373871
0, 4,  1976776030
0, 4,  2048073856
0, 4,  1933074283
0, 4,  1754549847
0, 4,  1965952061
0, 4,  1972421794
0, 4,  1982908226
0, 4,  2190055557
0, 4,  2052060687
4, 0,  2221748962
0, 4,  1825459103
0, 4,  1995593099
4, 0,  2052943787
0, 4,  1936081436
0, 4,  2063022276
0, 4,  1978765024
0, 4,  2057115914
0, 4,  1976520175
0, 4,  1834428893
0, 4,  2000304403
0, 4,  1564022098
0, 4,  2055290884
0, 4,  1966962049
4, 0,  2227893229
4, 0,  1985995941
4, 0,  2205171816
0, 4,  1693119391
0, 4,  1970976058
0, 4,  2016250485
0, 4,  2017104199
0, 4,  2060701701
0, 4,  1991222386
0, 4,  2175622616
0, 4,  1770809502
0, 4,  2046337872
0, 4,  1692372566
0, 4,  1573617648
0, 4,  1573384266
0, 4,  2052096929
0, 4,  1978516086
0, 4,  1957015189
0, 4,  1558214781
0, 4,  2056095063
0, 4,  1565687097
0, 4,  1752964404
0, 4,  2190596519
4, 0,  2295651861
0, 4,  2014804810
0, 4,  2032158474
0, 4,  2057585479
0, 4,  2056896857
0, 4,  1989473566
0, 4,  2014886961
0, 4,  1832259257
0, 4,  2178367144
0, 4,  2193153452
0, 4,  1980025682
0, 4,  2181101126
4, 0,  2231822283
0, 4,  2000880576
0, 4,  1694727520
0, 4,  1565996758
0, 4,  2051576338
0, 4,  1795555552
0, 4,  1975957140
0, 4,  2175419894
0, 4,  2175757909
4, 0,  1979910058
4, 0,  1968819876
4, 0,  1964854224
0, 4,  2174504714
0, 4,  2049857364
0, 4,  2004585522
0, 4,  2011312876
0, 4,  1694978970
4, 0,  1976215769
0, 4,  1999484456
0, 4,  1564136878
0, 4,  1996045212
4, 0,  2198099371
0, 4,  2000332658
0, 4,  1989912915
0, 4,  1971123035
0, 4,  2071325931
0, 4,  2185144502
0, 4,  1794188164
0, 4,  2062025660
0, 4,  1970922383
0, 4,  2182628451
0, 4,  2060596900
0, 4,  1686138318
0, 4,  1557713531
0, 4,  2059116765
0, 4,  1794325746
0, 4,  2053050802
4, 0,  1686335394
0, 4,  2063224547
0, 4,  2055832274
0, 4,  1982115200
0, 4,  2189960669
0, 4,  2054472078
0, 4,  1972789851
0, 4,  1880477820
0, 4,  2188468480
0, 4,  1470068878
0, 4,  1990079729
0, 4,  1980618570
0, 4,  1548644566
0, 4,  1694240308
4, 0,  1972040388
0, 4,  1823739979
0, 4,  1754599378
0, 4,  1989676482
0, 4,  1834020956
0, 4,  1967494194
0, 4,  2189607529
0, 4,  1686877455
0, 4,  1971031747
0, 4,  2059848431
0, 4,  1824711502
0, 4,  2052804410
0, 4,  2067144644
0, 4,  2184741280
4, 0,  1555948184
0, 4,  2003264493
0, 4,  1753272729
0, 4,  2065200014
0, 4,  2182682166
0, 4,  2000304879
0, 4,  1971678874
0, 4,  1984464114
4, 0,  1970889829
4, 0,  1969029223
0, 4,  2050417937
0, 4,  1978747539
0, 4,  2055338825
0, 4,  1980564628
0, 4,  2002065355
0, 4,  2059998972
0, 4,  1685538264
0, 4,  1966394318
0, 4,  1573274546
4, 0,  1990315085
0, 4,  1834885585
0, 4,  1984072241
0, 4,  1793204245
0, 4,  1679350283
0, 4,  1957671528
0, 4,  1991349719
4, 0,  2258098163
4, 0,  1550762111
0, 4,  1981887156
0, 4,  2063041301
0, 4,  2191235729
0, 4,  2187276114
0, 4,  2187775110
0, 4,  1970674292
0, 4,  1686183338
0, 4,  2049286458
0, 4,  1989686683
0, 4,  1970560648
4, 0,  2200720560
0, 4,  2003206504
0, 4,  2064742059
0, 4,  1881098407
0, 4,  2014035669
0, 4,  1979481632
0, 4,  1980243256
0, 4,  2071476597
0, 4,  2169480658
0, 4,  1996972646
0, 4,  1979961819
0, 4,  1558192189
0, 4,  2051723243
0, 4,  2065071106
0, 4,  1825240263
0, 4,  2013706488
0, 4,  1835425436
0, 4,  1982449367
0, 4,  1989815670
4, 0,  1963462813
0, 4,  1755059583
0, 4,  2053021259
0, 4,  2063144332
0, 4,  1827428252
4, 0,  2053969766
0, 4,  2071159201
4, 0,  1990985032
0, 4,  2178812391
4, 0,  2212860208
0, 4,  2178933802
4, 0,  1984621626
4, 0,  2200221426
4, 0,  2012820058
0, 4,  1686250334
0, 4,  1977955817
0, 4,  1982115285
0, 4,  2056823033
0, 4,  1827804232
0, 4,  1751034655
4, 0,  1880401269
0, 4,  1997734796
0, 4,  1989824979
0, 4,  2063838572
0, 4,  1880895639
0, 4,  1795226582
0, 4,  1825029242
0, 4,  2070769227
4, 0,  2047027958
0, 4,  1981470767
0, 4,  1882319877
0, 4,  2069433410
0, 4,  1564055911
0, 4,  1880598499
4, 0,  1997655687
0, 4,  2001799719
4, 0,  1557328620
0, 4,  2002316755
4, 0,  2297939469
0, 4,  1677536277
4, 0,  2045841787
0, 4,  1694455040
0, 4,  1999647580
4, 0,  2014175658
0, 4,  2014629488
0, 4,  1989933460
4, 0,  1984730378
0, 4,  2064316692
0, 4,  2047672703
0, 4,  1752590890
0, 4,  2047792435
0, 4,  2017702571
4, 0,  1751138541
0, 4,  1974660315
0, 4,  2186626303
0, 4,  2014308011
0, 4,  2062303910
0, 4,  2000415281
4, 0,  2001147127
0, 4,  1558974051
4, 0,  1548853933
0, 4,  2053296799
0, 4,  1993038748
0, 4,  2175988300
0, 4,  1985507265
0, 4,  1971268786
0, 4,  2072514150
0, 4,  2067741466
0, 4,  1559161139
0, 4,  2064471704
0, 4,  2175532048
0, 4,  2001821426
0, 4,  1881371908
4, 0,  2175702085
0, 4,  2015651678
0, 4,  2175923696
0, 4,  1956658822
0, 4,  2052502305
0, 4,  1556014589
0, 4,  1965842315
0, 4,  2052989244
4, 0,  2046925806
0, 4,  1976776633
0, 4,  1752619480
0, 4,  2174766697
0, 4,  1978438587
0, 4,  2012969871
0, 4,  1685304983
0, 4,  1676396421
0, 4,  1695582192
0, 4,  1771003528
0, 4,  1971483037
0, 4,  1990698900
0, 4,  2181423595
0, 4,  2191809753
0, 4,  2068115632
0, 4,  1574127753
0, 4,  2059464634
0, 4,  2061348244
0, 4,  1832659418
0, 4,  1991836024
0, 4,  2047988616
0, 4,  2189745897
0, 4,  1751068708
0, 4,  1968116994
0, 4,  1956821216
0, 4,  1676342419
0, 4,  1982310761
0, 4,  1985575804
0, 4,  1881417341
4, 0,  2295260382
0, 4,  1468938119
0, 4,  1996024508
0, 4,  2050640153
0, 4,  1961355710
0, 4,  1824201914
0, 4,  2051459684
0, 4,  2064712152
4, 0,  1678548313
0, 4,  2190364340
0, 4,  2188633031
0, 4,  1881041117
0, 4,  2188246288
4, 0,  2199244712
0, 4,  1988864101
4, 0,  1971680639
0, 4,  2187662584
4, 0,  1985589594
0, 4,  2069657032
0, 4,  1978776042
0, 4,  1993123737
0, 4,  1881502835
0, 4,  2051420448
0, 4,  1754402258
0, 4,  1965355598
0, 4,  2054561308
0, 4,  1558213373
0, 4,  2052333273
0, 4,  2058045970
0, 4,  2050619058
4, 0,  1975655145
0, 4,  1978263890
0, 4,  2191665100
0, 4,  1969472555
0, 4,  2193344579
0, 4,  1979807235
4, 0,  2177257206
0, 4,  2053996720
0, 4,  1973569886
0, 4,  2015042661
0, 4,  2004201964
0, 4,  1686335262
0, 4,  2052924377
0, 4,  1994764896
0, 4,  1830924783
4, 0,  1824280719
0, 4,  1678693599
0, 4,  1555984963
0, 4,  1835437435
0, 4,  2069363159
0, 4,  2001588719
0, 4,  1970411774
4, 0,  2206744930
0, 4,  1972330308
0, 4,  2054826273
4, 0,  2232218744
0, 4,  1984668456
0, 4,  2054334262
0, 4,  2190835066
4, 0,  2203438167
4, 0,  2052018619
0, 4,  1992708505
0, 4,  1835885753
0, 4,  1977195632
4, 0,  1551298222
0, 4,  1989103276
0, 4,  2188957214
4, 0,  2327295672
0, 4,  1881199815
0, 4,  1976109543
0, 4,  1834952043
0, 4,  1971305493
0, 4,  2178369388
0, 4,  2052948988
0, 4,  1563558073
0, 4,  2061065201
0, 4,  1827471977
0, 4,  2063504061
0, 4,  2054485735
4, 0,  1827587440
0, 4,  1553955966
0, 4,  1880572752
0, 4,  1548497412
0, 4,  2191868051
0, 4,  1468353283
0, 4,  1834167544
0, 4,  2191030535
4, 0,  1467810369
4, 0,  2263792095
0, 4,  1557918866
4, 0,  1967633158
0, 4,  2008559961
0, 4,  1992332372
0, 4,  1880782565
0, 4,  1979615996
0, 4,  2191630764
0, 4,  1989787765
0, 4,  2015031510
4, 0,  2051711369
0, 4,  1990213029
0, 4,  1997541738
0, 4,  2039910869
4, 0,  2194282806
4, 0,  1574106077
0, 4,  1971399305
0, 4,  1824804465
0, 4,  2188749940
0, 4,  1975802551
0, 4,  2060546487
0, 4,  1989805127
0, 4,  1565330750
0, 4,  2174566568
0, 4,  1879921482
0, 4,  1932461709
0, 4,  1985986062
0, 4,  2017643225
0, 4,  2176265792
0, 4,  1759933073
0, 4,  1985838135
4, 0,  2221249487
0, 4,  1833400604
0, 4,  1551683036
0, 4,  1986619770
0, 4,  1556360898
0, 4,  2189110215
0, 4,  1971515559
0, 4,  2048304606
0, 4,  1965878710
0, 4,  1835673287
0, 4,  1983952145
0, 4,  2052376488
0, 4,  1687766121
0, 4,  1880756424
0, 4,  1984395798
0, 4,  2032506760
0, 4,  2063126613
0, 4,  2055774555
0, 4,  2002498280
0, 4,  2044345080
0, 4,  1981658974
0, 4,  1794227178
0, 4,  1825689609
0, 4,  1836458953
0, 4,  2062277398
0, 4,  1999667170
0, 4,  2061167562
0, 4,  2057820126
0, 4,  2058465814
0, 4,  1676253209
0, 4,  1970942043
0, 4,  2177682346
0, 4,  1834516261
4, 0,  2206087041
0, 4,  1825414085
0, 4,  1825438104
0, 4,  2047675036
0, 4,  2071326407
0, 4,  2180304073
0, 4,  1880005428
0, 4,  1553333885
0, 4,  1880597957
0, 4,  1678493300
0, 4,  1573310055
4, 0,  2043947464
0, 4,  2051339200
0, 4,  2053858057
0, 4,  1881856518
0, 4,  1994997177
0, 4,  1979138878
0, 4,  1999080488
0, 4,  1975861525
0, 4,  1962158314
0, 4,  1979049079
0, 4,  1548318058
0, 4,  1982165892
0, 4,  2044735634
0, 4,  2185442798
4, 0,  2324467224
0, 4,  1970221271
4, 0,  2198866663
4, 0,  2181394600
4, 0,  2248657929
0, 4,  1824409638
0, 4,  2014452437
0, 4,  2045437602
0, 4,  2186226359
0, 4,  2178597165
0, 4,  2008556706
0, 4,  1573649805
0, 4,  2001965645
0, 4,  2058263204
0, 4,  2189319949
0, 4,  1977478446
0, 4,  2069637857
0, 4,  1824898282
4, 0,  2219281576
0, 4,  1834402106
0, 4,  2065820335
0, 4,  1793505352
0, 4,  2192605352
0, 4,  2067962862
0, 4,  2002858836
0, 4,  1685127332
0, 4,  2064925896
4, 0,  2176171859
0, 4,  1963135793
0, 4,  2050320875
0, 4,  1562361914
0, 4,  1965621204
0, 4,  1989318660
0, 4,  1995958251
0, 4,  2056096442
0, 4,  1974445089
0, 4,  2049004923
0, 4,  2039779782
0, 4,  2002464440
0, 4,  2187839029
0, 4,  1999100085
0, 4,  2067530637
4, 0,  1966904988
0, 4,  1967924787
4, 0,  1985167510
0, 4,  1677828589
4, 0,  2203090688
0, 4,  1991327496
0, 4,  1686043770
0, 4,  1984601873
0, 4,  1573874346
0, 4,  1961113956
0, 4,  2178788980
0, 4,  1992271679
0, 4,  1982769422
0, 4,  1556360851
0, 4,  2192562001
0, 4,  1881686170
0, 4,  2050581757
0, 4,  2071915457
0, 4,  2015246844
0, 4,  2174822576
0, 4,  1564669329
4, 0,  1971915406
0, 4,  1993245980
0, 4,  1964814560
0, 4,  1794783941
0, 4,  1555903726
0, 4,  2053612566
4, 0,  2192881136
0, 4,  1686801295
0, 4,  1825218926
0, 4,  1755061131
4, 0,  2262400586
0, 4,  2054152825
0, 4,  1971591438
0, 4,  1684819899
0, 4,  1685030715
0, 4,  1984090316
0, 4,  2178009403
0, 4,  1827820002
0, 4,  1996518644
0, 4,  1977528561
0, 4,  2064941735
0, 4,  1882181643
4, 0,  2189704535
0, 4,  2063873722
0, 4,  1573069356
0, 4,  1468867682
0, 4,  1678879503
0, 4,  2180573618
0, 4,  1981724064
0, 4,  1990738745
0, 4,  1558372064
0, 4,  1694219987
4, 0,  2226512755
0, 4,  2060436786
0, 4,  1974332894
0, 4,  2176045377
0, 4,  1986425026
4, 0,  1985194268
0, 4,  1988947547
0, 4,  1883601071
0, 4,  1793483301
4, 0,  1826383416
0, 4,  1962438840
0, 4,  2070428023
0, 4,  1468869955
4, 0,  1833427018
0, 4,  1978745275
0, 4,  2002141589
0, 4,  1973724240
0, 4,  2066410736
0, 4,  1974941925
0, 4,  2175517898
0, 4,  2055056901
0, 4,  1967250169
0, 4,  1975425119
0, 4,  2045170497
0, 4,  2065026873
0, 4,  1832598708
0, 4,  2050285762
4, 0,  1792690185
0, 4,  1882374358
0, 4,  1969386076
0, 4,  1676129392
0, 4,  1962203730
0, 4,  1968678347
4, 0,  2322446077
0, 4,  1967005599
0, 4,  1468294189
0, 4,  2053502340
0, 4,  1881338312
4, 0,  2015749555
0, 4,  2053894369
0, 4,  2052494147
0, 4,  1970569246
0, 4,  1556510200
4, 0,  1995821977
0, 4,  1836010411
0, 4,  1992607102
4, 0,  1983976761
0, 4,  1753384040
0, 4,  2176159328
0, 4,  1975849245
0, 4,  2053772571
0, 4,  1933201064
0, 4,  2001767990
4, 0,  2056951929
0, 4,  1933035513
0, 4,  1964062669
0, 4,  1977122299
0, 4,  2014023109
4, 0,  1999761186
0, 4,  2054035205
0, 4,  1980310380
0, 4,  1793438760
0, 4,  2051242812
4, 0,  1548775825
4, 0,  2058257673
0, 4,  1548318089
0, 4,  1993540627
0, 4,  1678069744
0, 4,  2068079914
4, 0,  2191481232
0, 4,  1550967980
0, 4,  2185600725
0, 4,  1979428033
0, 4,  2013693590
0, 4,  1565365365
0, 4,  1985557373
4, 0,  2251073016
0, 4,  1974851818
0, 4,  1695620876
0, 4,  1573581030
0, 4,  1956633204
0, 4,  1995018447
0, 4,  2066809399
4, 0,  1994447094
0, 4,  2001896316
0, 4,  1822721571
0, 4,  2055994354
0, 4,  1968483024
4, 0,  1834111498
0, 4,  2186835783
0, 4,  1753631640
4, 0,  2234939097
0, 4,  1980034897
0, 4,  1962201199
4, 0,  1833888453
0, 4,  2052700840
0, 4,  1998493769
0, 4,  1883077161
0, 4,  2059347846
0, 4,  1558167236
0, 4,  2014753660
0, 4,  2069027123
4, 0,  2327662497
0, 4,  2064127803
0, 4,  2001089537
0, 4,  1992230245
0, 4,  2188231338
4, 0,  2237529019
0, 4,  1834465411
0, 4,  1974529849
0, 4,  2068416130
0, 4,  1995018894
0, 4,  2188633265
0, 4,  1978200499
0, 4,  1961593128
0, 4,  2183548578
4, 0,  2188196644
0, 4,  2182552747
0, 4,  1824637284
0, 4,  1978997260
4, 0,  2221708293
0, 4,  1991328471
0, 4,  1971018048
0, 4,  1750930618
0, 4,  1558265511
0, 4,  1979536499
0, 4,  1835888198
0, 4,  1827381443
0, 4,  2050152197
0, 4,  1956850350
0, 4,  1834897181
0, 4,  2057099793
0, 4,  1993394010
0, 4,  1556811409
0, 4,  2176727195
0, 4,  1968482576
0, 4,  1966782417
0, 4,  1676808119
0, 4,  2070089307
0, 4,  2050041247
0, 4,  1750895141
0, 4,  1556552091
0, 4,  2013179214
0, 4,  2060241369
0, 4,  1556065268
0, 4,  1551303814
4, 0,  2048094413
0, 4,  2068258475
4, 0,  1981900585
0, 4,  1976996340
0, 4,  1992294169
4, 0,  2266998369
0, 4,  2062648927
0, 4,  2178907211
4, 0,  2215298523
4, 0,  2300539637
4, 0,  1550934083
0, 4,  1990210457
0, 4,  1977307638
0, 4,  2067276560
0, 4,  1822723156
0, 4,  2016072529
0, 4,  2058726612
0, 4,  1692258241
0, 4,  1973021025
0, 4,  1771210128
0, 4,  2176565100
0, 4,  2064769829
0, 4,  1563830597
0, 4,  2189227125
0, 4,  2069362236
4, 0,  2224975367
0, 4,  2052924372
0, 4,  2054427692
0, 4,  1969356296
0, 4,  1676509702
0, 4,  2044219446
0, 4,  1995529821
0, 4,  1833831746
0, 4,  1696004171
4, 0,  1979092397
4, 0,  2260579525
0, 4,  1694812972
4, 0,  2176538292
0, 4,  2016440232
0, 4,  2067722085
0, 4,  2186105344
0, 4,  1680776689
0, 4,  1975439293
0, 4,  1962515341
0, 4,  1833921839
0, 4,  1687309499
0, 4,  1967697025
4, 0,  2208963498
0, 4,  2002871716
4, 0,  1677153567
0, 4,  2046868012
0, 4,  2193304384
0, 4,  2047389913
0, 4,  1558707117
0, 4,  2187969214
4, 0,  1991656710
4, 0,  2052686372
0, 4,  2193189366
0, 4,  1760179839
4, 0,  1794772516
4, 0,  2012261849
0, 4,  2179852339
0, 4,  2188598328
0, 4,  1960296107
0, 4,  1979023292
0, 4,  1791599250
0, 4,  2064037203
0, 4,  1990485204
0, 4,  1564564450
0, 4,  1827657151
0, 4,  2064316089
0, 4,  2061164776
0, 4,  1964195230
0, 4,  2178934131
4, 0,  1759384052
0, 4,  1994724802
0, 4,  1694552445
0, 4,  2063643369
0, 4,  2004454660
4, 0,  1751069281
0, 4,  1966579390
0, 4,  1985214887
0, 4,  1969199695
0, 4,  1793659391
0, 4,  1676253081
0, 4,  2054904471
0, 4,  1469367959
0, 4,  2066286615
0, 4,  2069378315
0, 4,  2048902399
0, 4,  1982364930
0, 4,  1881059528
4, 0,  2297795163
0, 4,  2191147690
0, 4,  2052454714
0, 4,  2066156041
0, 4,  1983204428
4, 0,  2223705432
0, 4,  1970784918
0, 4,  2003079325
0, 4,  2176290037
4, 0,  1882157253
0, 4,  1834315632
0, 4,  2016123301
0, 4,  1989238668
0, 4,  2192124502
0, 4,  2013720300
0, 4,  2058962904
0, 4,  1969846142
0, 4,  1792868855
0, 4,  1677379060
0, 4,  1880888805
4, 0,  2181369491
0, 4,  2046661960
0, 4,  1693582671
0, 4,  2059962410
0, 4,  2015752352
0, 4,  1833390952
0, 4,  1999838272
0, 4,  2176311379
0, 4,  1686528624
0, 4,  2053080938
0, 4,  1564959316
4, 0,  2264993614
0, 4,  1966113423
0, 4,  2039870010
0, 4,  2062580594
0, 4,  1992203822
0, 4,  2070727729
4, 0,  2210532602
0, 4,  1680884655
0, 4,  2048138657
0, 4,  2049595198
0, 4,  1469760459
0, 4,  2052512832
0, 4,  1827962151
4, 0,  2207735707
0, 4,  1827902640
0, 4,  2044464849
0, 4,  2053748954
0, 4,  2061048805
0, 4,  1989444879
0, 4,  1970254252
0, 4,  1793751871
0, 4,  1824430332
0, 4,  2058778726
0, 4,  1792117812
4, 0,  2014987658
0, 4,  1973880325
0, 4,  2059696343
0, 4,  2056716807
0, 4,  1967738646
0, 4,  1795178247
0, 4,  2054502542
0, 4,  2015041851
0, 4,  1559356958
0, 4,  2071887705
0, 4,  1979750162
0, 4,  1834518030
0, 4,  2185600418
0, 4,  1792819856
0, 4,  1982682813
0, 4,  1751324739
0, 4,  1996917792
0, 4,  1995403087
0, 4,  1559515018
0, 4,  2039896498
0, 4,  2058929292
0, 4,  1994113232
0, 4,  2064056843
4, 0,  2070387156
0, 4,  1556812745
0, 4,  1825716046
0, 4,  1834394080
0, 4,  1982098562
0, 4,  2059098738
0, 4,  2014866449
0, 4,  2048349068
0, 4,  1998086133
0, 4,  1759653173
0, 4,  2189899888
0, 4,  2184277779
0, 4,  2015127795
0, 4,  2007642150
0, 4,  1990293696
4, 0,  1989339247
0, 4,  1967076602
0, 4,  2062091357
0, 4,  1989482645
4, 0,  1823814469
4, 0,  2059530050
4, 0,  1989435504
0, 4,  1932309787
0, 4,  2052192884
0, 4,  1551270892
0, 4,  2178099675
0, 4,  1990270454
0, 4,  2176539458
0, 4,  1834184580
0, 4,  1978784868
4, 0,  1753307859
0, 4,  2014540226
0, 4,  1825066812
0, 4,  2002711429
0, 4,  1986475346
0, 4,  1999764270
0, 4,  2175300940
0, 4,  1825582639
0, 4,  2058062239
0, 4,  2015436008
0, 4,  1996357305
0, 4,  2179726199
0, 4,  1686303213
0, 4,  2181153111
4, 0,  2193676961
0, 4,  1680742192
0, 4,  2013536174
4, 0,  1555931000
4, 0,  2258622072
0, 4,  2063069686
4, 0,  2244975634
0, 4,  1975343431
4, 0,  2298439102
0, 4,  2001751668
4, 0,  2300308304
0, 4,  1991260746
4, 0,  1963213660
0, 4,  1994029738
0, 4,  1958093829
0, 4,  1835142688
0, 4,  2188359991
0, 4,  2052535602
0, 4,  2177406136
0, 4,  2055828882
0, 4,  2048638853
0, 4,  2174503844
0, 4,  2060137856
0, 4,  1553926283
0, 4,  2190775657
0, 4,  1960630050
0, 4,  2065057641
0, 4,  2004199978
0, 4,  1573529860
0, 4,  2191179195
0, 4,  1754024569
0, 4,  2013525590
0, 4,  2180325900
0, 4,  1573597333
0, 4,  1694533703
0, 4,  2179777403
0, 4,  1978148270
0, 4,  1974037882
0, 4,  2056771164
0, 4,  1827396976
0, 4,  1976912718
0, 4,  2013900996
0, 4,  1986641242
0, 4,  2001817876
0, 4,  2000412321
0, 4,  2005201329
0, 4,  2003206489
0, 4,  1677076299
0, 4,  1970044676
0, 4,  1979157950
0, 4,  2175107055
0, 4,  2001404025
0, 4,  2050829979
4, 0,  2252446670
0, 4,  1988977689
0, 4,  1880422906
4, 0,  2202664437
0, 4,  1834313859
0, 4,  1971591897
0, 4,  2002914471
0, 4,  1827219343
4, 0,  2065917031
0, 4,  2049838400
0, 4,  1978172682
0, 4,  1469221880
4, 0,  2255809977
0, 4,  2017125217
0, 4,  1979632145
0, 4,  1793985685
0, 4,  1932858806
0, 4,  1966523824
4, 0,  2266886369
0, 4,  1685127746
0, 4,  2054612319
0, 4,  2189959885
0, 4,  1957616649
0, 4,  1573252109
0, 4,  2174596521
0, 4,  2179377796
0, 4,  1971482268
0, 4,  1694367237
0, 4,  1565467660
0, 4,  1826451755
0, 4,  2013084011
0, 4,  1827414458
0, 4,  2061132979
4, 0,  2059435727
0, 4,  1677115485
0, 4,  1759773677
0, 4,  1984482037
0, 4,  1972212044
0, 4,  2055012070
0, 4,  2180749805
0, 4,  1977940904
0, 4,  1991456970
0, 4,  1754179676
0, 4,  1833735491
0, 4,  1981564503
0, 4,  2000876174
4, 0,  1984835765
0, 4,  2048326477
0, 4,  2174661601
0, 4,  1932396808
0, 4,  1684981732
0, 4,  1677628796
0, 4,  2069228355
0, 4,  1968680829
0, 4,  2064229911
0, 4,  2001578348
0, 4,  1974428822
0, 4,  1557092896
0, 4,  2069175213
0, 4,  1573968692
0, 4,  1958074103
0, 4,  2013495503
0, 4,  2190656080
0, 4,  1970092385
0, 4,  2060330217
4, 0,  1693580220
0, 4,  2014359839
0, 4,  1684762584
0, 4,  2175134218
0, 4,  2190329703
0, 4,  1979099239
4, 0,  1980562958
0, 4,  1966183228
0, 4,  1980398792
0, 4,  1956327294
0, 4,  2050657297
0, 4,  1754354042
0, 4,  2055958291
4, 0,  2001540438
0, 4,  1977144111
0, 4,  1968202167
0, 4,  2044930269
4, 0,  2187430778
0, 4,  1831297275
0, 4,  1882215056
0, 4,  1975186670
4, 0,  1555732276
0, 4,  2017545021
0, 4,  1827812330
0, 4,  1833802719
0, 4,  1971986939
0, 4,  1883035964
0, 4,  1992032581
0, 4,  2071890484
0, 4,  1992603794
0, 4,  2057709063
0, 4,  2060278712
0, 4,  1978286609
0, 4,  1966338217
0, 4,  2054350233
0, 4,  1835501911
0, 4,  1693379155
4, 0,  1990429095
4, 0,  1997260503
0, 4,  1967077689
0, 4,  2053065327
0, 4,  2001298009
0, 4,  2068274687
0, 4,  1956860826
0, 4,  1792196219
0, 4,  2054764604
0, 4,  2000632044
0, 4,  2051196200
0, 4,  1565294837
0, 4,  2003247771
0, 4,  1972177813
0, 4,  1981281710
0, 4,  2058265373
0, 4,  1882336878
4, 0,  2054125547
4, 0,  1759728849
0, 4,  2068891433
0, 4,  1990590972
0, 4,  2186083264
0, 4,  1827509628
0, 4,  2014693062
0, 4,  2178011071
0, 4,  1752895729
4, 0,  1678401215
0, 4,  1992355114
0, 4,  2178189453
4, 0,  1751949655
4, 0,  2206989305
0, 4,  1826525549
0, 4,  2066865271
0, 4,  1996787711
0, 4,  1827979868
0, 4,  2189381504
0, 4,  1985366963
0, 4,  2053058541
0, 4,  2008810699
0, 4,  2013164060
0, 4,  2181004906
0, 4,  2182654453
0, 4,  2191035313
0, 4,  2058246579
0, 4,  2191147936
0, 4,  2001120667
0, 4,  2051751034
0, 4,  1558765395
0, 4,  2180929918
0, 4,  1969783740
0, 4,  2002418805
0, 4,  1966042682
0, 4,  1979190716
0, 4,  1989911401
0, 4,  1986026486
4, 0,  2288473366
0, 4,  1832256199
4, 0,  2001032737
0, 4,  2012030470
0, 4,  2014428299
0, 4,  2003537756
0, 4,  2070581856
0, 4,  2050641615
4, 0,  1956355744
0, 4,  2176524133
4, 0,  2012549126
0, 4,  1975040504
0, 4,  1835974474
0, 4,  1557107983
0, 4,  1558072349
0, 4,  2191235541
0, 4,  2014918603
0, 4,  1558072318
4, 0,  1754192209
0, 4,  2001947271
0, 4,  1957065322
0, 4,  2063839652
0, 4,  1981564760
0, 4,  1933163201
0, 4,  1695137257
0, 4,  1982890263
0, 4,  2191204299
0, 4,  1997890629
0, 4,  1792865652
0, 4,  1966392109
0, 4,  2175407198
0, 4,  1565878401
0, 4,  1693975539
0, 4,  1835772659
0, 4,  1964835491
4, 0,  2254953308
4, 0,  2323776004
0, 4,  2055013569
0, 4,  1974427800
0, 4,  1983969629
0, 4,  1973401861
0, 4,  1982416229
0, 4,  1969614540
0, 4,  1691901682
0, 4,  1993373599
4, 0,  1793873036
4, 0,  2217361936
0, 4,  1986350125
0, 4,  1997986587
0, 4,  2053881057
0, 4,  1880562629
0, 4,  2064373089
0, 4,  2067999430
0, 4,  1989315795
0, 4,  1982787500
4, 0,  2262952206
0, 4,  1693935242
0, 4,  1956358973
0, 4,  1976351799
0, 4,  1971604877
0, 4,  2189949641
4, 0,  2300537063
0, 4,  1826489288
4, 0,  2192287738
0, 4,  1823969950
0, 4,  1676714110
0, 4,  1835721508
4, 0,  2047672907
0, 4,  2174565705
0, 4,  1833310414
0, 4,  2190784910
4, 0,  2247874088
0, 4,  1822721812
0, 4,  1965952367
0, 4,  2053748414
0, 4,  2054657043
0, 4,  1823417257
0, 4,  2039711243
0, 4,  2063854946
0, 4,  2176278901
0, 4,  1880709634
0, 4,  2050020165
0, 4,  1831347423
0, 4,  1975088292
0, 4,  1880381221
0, 4,  1557495851
0, 4,  1997735833
0, 4,  1983068708
0, 4,  2068651185
0, 4,  2065056427
0, 4,  1827367159
0, 4,  2190457985
0, 4,  1998109242
4, 0,  2246940114
0, 4,  2001009494
0, 4,  1997213502
0, 4,  1956072613
0, 4,  1558023914
0, 4,  2186788456
0, 4,  2061281346
0, 4,  1969829341
0, 4,  2187620125
0, 4,  1548913969
0, 4,  2046236095
4, 0,  2203951110
0, 4,  1936064597
0, 4,  2064727148
0, 4,  2054022677
0, 4,  1793180190
0, 4,  2053126193
0, 4,  2052897293
4, 0,  2176319524
0, 4,  2062723054
0, 4,  2071030719
0, 4,  1967641411
4, 0,  2061301194
0, 4,  2014339990
0, 4,  2058861596
0, 4,  1996805155
0, 4,  2062434445
4, 0,  2324204509
4, 0,  1883149671
0, 4,  2013656946
0, 4,  2191147540
4, 0,  2209590779
4, 0,  2195717122
0, 4,  1677642632
0, 4,  1981172548
0, 4,  2193346098
0, 4,  2004190742
0, 4,  1978174976
0, 4,  1825607170
4, 0,  2056477307
0, 4,  1793116910
0, 4,  1997427492
0, 4,  1976197547
0, 4,  2185489555
0, 4,  1972454054
0, 4,  1796904794
0, 4,  1882374395
4, 0,  1557584809
0, 4,  2014449129
0, 4,  1981801687
0, 4,  1993412683
0, 4,  2063652830
0, 4,  2014471247
0, 4,  2015528854
0, 4,  1973519672
0, 4,  1827196628
0, 4,  1677957719
0, 4,  1978359765
0, 4,  2002815670
0, 4,  1556361985
0, 4,  1979607700
0, 4,  1754025417
0, 4,  1833911324
0, 4,  2052425245
0, 4,  1986571529
0, 4,  2016362866
0, 4,  2069267214
4, 0,  1574005312
4, 0,  1977752930
0, 4,  1677204183
0, 4,  1974757320
0, 4,  2015175348
0, 4,  1968693796
0, 4,  1833736614
0, 4,  1754602246
0, 4,  2072225907
0, 4,  2174363479
0, 4,  1981801688
0, 4,  1827978952
0, 4,  2051958919
4, 0,  2184777853
0, 4,  1686638877
0, 4,  1973468959
0, 4,  2190385916
0, 4,  2014211807
4, 0,  2189302981
0, 4,  1694686765
0, 4,  1677566035
0, 4,  1989854387
0, 4,  1880800910
0, 4,  2071241640
0, 4,  1997697519
4, 0,  1551049117
0, 4,  1973485358
0, 4,  1970148751
4, 0,  2190845216
4, 0,  2210795943
4, 0,  2043892498
0, 4,  1993665264
0, 4,  1693653866
0, 4,  1553368716
4, 0,  1684969857
0, 4,  1967191955
0, 4,  1975139302
0, 4,  1960396697
0, 4,  1882895988
0, 4,  1995939628
0, 4,  1976012979
0, 4,  2011037714
0, 4,  1752964724
4, 0,  2065331597
0, 4,  1997047461
0, 4,  1824135548
0, 4,  1975155081
0, 4,  2061349567
0, 4,  1564039674
0, 4,  2186861371
4, 0,  1996245626
0, 4,  2188927461
0, 4,  1677893444
4, 0,  1963603407
0, 4,  1978674813
0, 4,  2047049213
0, 4,  2003536021
0, 4,  2174505401
0, 4,  1957276202
4, 0,  1836278529
0, 4,  2062491161
0, 4,  1978236695
4, 0,  1963102339
0, 4,  2014112318
0, 4,  1881295792
0, 4,  1960632882
0, 4,  1834789458
0, 4,  2072280721
0, 4,  1973436111
0, 4,  2055478726
0, 4,  1827894541
0, 4,  1551523241
0, 4,  1989299126
0, 4,  2183720602
0, 4,  1984716271
0, 4,  1975184407
0, 4,  1880206985
0, 4,  1998940148
0, 4,  2014888238
0, 4,  2191866140
0, 4,  2187504348
4, 0,  2002987078
0, 4,  2031083377
0, 4,  2050435574
0, 4,  1997123039
0, 4,  2053368688
0, 4,  1880607409
0, 4,  1993816360
0, 4,  1989650043
0, 4,  2064445962
0, 4,  1468835040
0, 4,  1687663903
0, 4,  1880572429
0, 4,  2066358711
4, 0,  2177361767
0, 4,  1677330296
0, 4,  1981250069
0, 4,  1990081251
0, 4,  1974645728
0, 4,  1556859702
4, 0,  1468305298
4, 0,  2017608191
0, 4,  2017153731
0, 4,  2192935911
0, 4,  1984106267
0, 4,  1467841985
0, 4,  2015970067
4, 0,  1957046815
4, 0,  1833234318
0, 4,  1999746989
0, 4,  2053815564
0, 4,  2191292994
4, 0,  2298266128
0, 4,  1997480973
0, 4,  1834768511
4, 0,  2014295746
0, 4,  1686409887
0, 4,  1880736368
4, 0,  1969865016
0, 4,  1973570304
0, 4,  2013067159
0, 4,  1983691416
0, 4,  1793481936
0, 4,  1751786528
0, 4,  1826416844
0, 4,  1970518051
0, 4,  2062915421
0, 4,  1972882235
4, 0,  2200591501
0, 4,  2058146749
0, 4,  1968318627
0, 4,  1966875149
4, 0,  2288214792
4, 0,  2258970366
4, 0,  2236416848
0, 4,  1966636524
0, 4,  1976481129
4, 0,  2207137345
0, 4,  2051674050
0, 4,  1685727442
4, 0,  1989897759
0, 4,  2066644913
0, 4,  1559069628
0, 4,  1974960721
0, 4,  2065365119
0, 4,  1832787208
0, 4,  1986194216
0, 4,  2177561747
0, 4,  2050282339
0, 4,  2175395283
0, 4,  2001956856
0, 4,  2177987567
0, 4,  2067820275
0, 4,  1978953798
0, 4,  1828054160
0, 4,  2017958920
0, 4,  1983049388
0, 4,  1573491609
0, 4,  2002441844
0, 4,  1966747487
0, 4,  1963463834
0, 4,  2189369735
0, 4,  1881187433
0, 4,  1998734268
4, 0,  1881060436
4, 0,  2008244725
0, 4,  1688043632
4, 0,  1828024584
0, 4,  1991796239
0, 4,  1973365696
0, 4,  1956326307
0, 4,  1994251292
0, 4,  1963998125
0, 4,  1997750311
0, 4,  2063489310
0, 4,  1881754375
0, 4,  1956246359
0, 4,  2067998234
0, 4,  1468851257
0, 4,  2192938847
4, 0,  2176601310
0, 4,  1956309909
0, 4,  2013179966
0, 4,  1678265340
4, 0,  2183599143
0, 4,  1974776762
0, 4,  1468527858
0, 4,  2012918070
0, 4,  1980454888
4, 0,  2284423813
0, 4,  2190114249
0, 4,  2007164150
0, 4,  2049305380
0, 4,  1695846359
0, 4,  1881029262
0, 4,  2178078641
4, 0,  1971059925
0, 4,  1833565153
0, 4,  1678131591
0, 4,  1972329512
0, 4,  1969716436
0, 4,  1880848392
0, 4,  1793371913
0, 4,  2049519636
0, 4,  1968749622
0, 4,  1548318718
0, 4,  1879952416
0, 4,  1677394757
0, 4,  2176601254
0, 4,  1677458774
0, 4,  2176361006
0, 4,  1553462868
0, 4,  2179877497
0, 4,  1974381482
4, 0,  1686548487
0, 4,  2054009700
0, 4,  1986977043
0, 4,  2189397908
0, 4,  1970997780
0, 4,  2193426860
0, 4,  2031190134
0, 4,  1998917266
4, 0,  2175428540
4, 0,  1996192111
0, 4,  2069322256
0, 4,  2192718436
0, 4,  2016474041
0, 4,  2067051141
0, 4,  1981145763
4, 0,  1557318853
0, 4,  2053746919
0, 4,  1823570339
0, 4,  1980857981
0, 4,  2065576808
0, 4,  1468350990
0, 4,  2053023663
0, 4,  2191885449
0, 4,  1759691231
0, 4,  1684847803
0, 4,  2001167271
0, 4,  1969765452
0, 4,  2000428122
0, 4,  2059083024
4, 0,  2060135199
0, 4,  1981707307
4, 0,  1556701241
0, 4,  1692098447
0, 4,  1834833962
0, 4,  1972789984
0, 4,  1556607315
0, 4,  1753010225
0, 4,  1996254213
0, 4,  2174922351
0, 4,  2179875717
0, 4,  1833577117
0, 4,  1967945321
0, 4,  2190173551
0, 4,  2190562754
0, 4,  2044814850
0, 4,  1992455857
0, 4,  1551492312
0, 4,  1986786468
0, 4,  1559068472
0, 4,  1986192723
0, 4,  2013536004
0, 4,  1824844023
0, 4,  1468363696
0, 4,  2056953624
0, 4,  2003313756
0, 4,  1468323352
0, 4,  2055538669
0, 4,  1957457351
0, 4,  1678390363
0, 4,  2055372342
0, 4,  1932858345
0, 4,  2176162486
0, 4,  1975217477
0, 4,  1554166882
0, 4,  2002031791
0, 4,  1564692110
0, 4,  1880235940
0, 4,  1823352715
0, 4,  2182682398
0, 4,  2177803159
4, 0,  2225719175
0, 4,  1983309302
0, 4,  2190223786
0, 4,  1967888081
0, 4,  1880633614
0, 4,  1983207574
0, 4,  1976972640
0, 4,  1558003385
0, 4,  2053489850
0, 4,  2054934949
0, 4,  2015051837
0, 4,  1966358186
0, 4,  1880953624
0, 4,  1966375840
0, 4,  2011036397
0, 4,  2056660317
0, 4,  1770548980
0, 4,  2002670646
4, 0,  1982360586
4, 0,  1880594299
0, 4,  1676131330
0, 4,  1976092811
0, 4,  1760006542
0, 4,  2064293547
0, 4,  2001120529
0, 4,  1998696896
0, 4,  2189886186
0, 4,  1574087957
0, 4,  1979174842
0, 4,  1693209039
0, 4,  1468194474
0, 4,  1997539608
0, 4,  1978944438
4, 0,  2066940996
0, 4,  2052865551
0, 4,  1968636206
4, 0,  2001270228
0, 4,  1882320779
0, 4,  2190092725
0, 4,  1977004923
4, 0,  1563807026
0, 4,  2185733209
0, 4,  2190295432
0, 4,  1993793852
0, 4,  1966785804
0, 4,  2014253638
0, 4,  2001179123
0, 4,  1989756576
0, 4,  2051161334
4, 0,  2248641047
0, 4,  1957446637
0, 4,  1974150548
0, 4,  1563661735
0, 4,  1834516908
0, 4,  2054873163
0, 4,  1972844391
4, 0,  1834855219
0, 4,  2185688837
0, 4,  2018464412
0, 4,  1992229862
0, 4,  2001341880
0, 4,  2175780490
0, 4,  2177406043
0, 4,  1990113456
0, 4,  1962630502
0, 4,  2065958726
0, 4,  2055491512
0, 4,  2014691453
4, 0,  1794908642
4, 0,  2300593295
4, 0,  2182755682
0, 4,  2056391335
0, 4,  2064396358
0, 4,  1967112655
0, 4,  1956072585
0, 4,  1988818784
0, 4,  1932293682
4, 0,  2069520832
0, 4,  1971512296
0, 4,  1989884136
0, 4,  2012152796
0, 4,  1558213818
0, 4,  2058247713
0, 4,  1979229344
0, 4,  1975982905
0, 4,  1685031414
0, 4,  1996876426
0, 4,  1981935469
0, 4,  1969504026
0, 4,  1990023395
0, 4,  1984900628
0, 4,  2187816510
0, 4,  2030862273
0, 4,  1978917583
0, 4,  1753309879
0, 4,  1979334350
0, 4,  2048924387
0, 4,  1989582521
0, 4,  1824159206
4, 0,  2328497702
0, 4,  1551427323
0, 4,  2189927096
0, 4,  2000724077
0, 4,  1883200840
0, 4,  1979707739
0, 4,  2052747849
0, 4,  1972703695
0, 4,  1966061181
0, 4,  1979707351
0, 4,  1992956509
0, 4,  2193188315
0, 4,  1978972341
0, 4,  2002015528
0, 4,  2015905004
0, 4,  1991605205
0, 4,  1750965106
0, 4,  1995468359
0, 4,  2052857472
0, 4,  1694091113
0, 4,  1982166633
0, 4,  2000916354
0, 4,  1795269197
0, 4,  1678388039
0, 4,  1825768692
4, 0,  1970747712
4, 0,  1967315112
0, 4,  1965859633
4, 0,  1991270669
0, 4,  2177082624
0, 4,  1752941781
0, 4,  2016020711
0, 4,  1982735412
0, 4,  1751500571
0, 4,  2058658659
0, 4,  2066194789
0, 4,  1955950454
0, 4,  1988850388
4, 0,  2177702172
0, 4,  2005440111
0, 4,  1997119782
0, 4,  2057082119
0, 4,  2187837589
0, 4,  2182197420
0, 4,  2065074618
0, 4,  1969028205
0, 4,  1956110647
0, 4,  2052588727
0, 4,  2065315033
0, 4,  2064581221
0, 4,  2044427486
4, 0,  1759163629
0, 4,  1994190204
0, 4,  2057708867
0, 4,  1680849581
0, 4,  1883640608
0, 4,  1880736142
0, 4,  1983863774
0, 4,  1469586840
0, 4,  1977260835
0, 4,  1970443605
0, 4,  1677075162
0, 4,  2069471178
0, 4,  1957322863
0, 4,  2066736302
0, 4,  2002684819
0, 4,  1677909760
0, 4,  2190884885
0, 4,  1964524421
0, 4,  1827731688
0, 4,  1960820458
0, 4,  2050434396
4, 0,  2010644681
0, 4,  2009186739
0, 4,  1881839576
0, 4,  2047581389
4, 0,  2237351262
0, 4,  1968708551
0, 4,  1989391854
0, 4,  1572869529
0, 4,  2015697259
0, 4,  2012391260
0, 4,  1994863044
0, 4,  1676369117
0, 4,  1982532274
0, 4,  1977779735
0, 4,  1981375366
0, 4,  1961551876
4, 0,  1961059288
0, 4,  1977194989
0, 4,  1974446866
4, 0,  2225776473
0, 4,  1970529558
0, 4,  1695249050
0, 4,  1973518504
0, 4,  2189998071
0, 4,  2048575783
0, 4,  1979714962
4, 0,  2257994682
0, 4,  2175122172
0, 4,  1977006629
0, 4,  1979543474
0, 4,  1982282248
4, 0,  1991619818
0, 4,  2016176404
0, 4,  1978816189
0, 4,  1559129556
0, 4,  1976531261
0, 4,  1825241352
0, 4,  1932886859
0, 4,  1795317308
4, 0,  2203771666
0, 4,  1677261942
0, 4,  1975201513
4, 0,  1992703336
0, 4,  2063507332
0, 4,  1980445102
0, 4,  2190925808
0, 4,  1564202104
0, 4,  2176699744
0, 4,  1677330082
0, 4,  1994891699
4, 0,  2254539294
0, 4,  1676972538
4, 0,  2183671424
0, 4,  2052771439
0, 4,  2016556999
0, 4,  2053012026
0, 4,  1964708012
0, 4,  1831295186
0, 4,  2055957845
0, 4,  1559708910
0, 4,  1882541640
0, 4,  1559388687
0, 4,  2064327613
0, 4,  2190750689
0, 4,  2003601108
0, 4,  2062448130
0, 4,  2044314342
0, 4,  2050115199
0, 4,  1468788316
0, 4,  2012954587
0, 4,  1980668650
0, 4,  2070747966
0, 4,  1971529594
0, 4,  2016156671
0, 4,  1676192208
0, 4,  2014538833
0, 4,  2018376280
0, 4,  1977260552
0, 4,  1994057493
0, 4,  2174720611
0, 4,  1823015321
0, 4,  1983847117
0, 4,  1970197396
0, 4,  1969864914
0, 4,  1976197273
0, 4,  1999081622
0, 4,  1969075187
0, 4,  1985401668
0, 4,  1836133712
4, 0,  2015206815
0, 4,  1991494451
0, 4,  1693118779
0, 4,  1556490351
0, 4,  2189252616
0, 4,  1557782637
0, 4,  1827739033
0, 4,  2000052322
0, 4,  1754352024
0, 4,  1969767851
0, 4,  1679210263
4, 0,  2072040261
0, 4,  2186648097
4, 0,  2246676433
0, 4,  1881338675
0, 4,  2039765546
0, 4,  1694401066
4, 0,  2323029499
0, 4,  2058027787
0, 4,  2062447973
0, 4,  1975739142
0, 4,  1971577875
4, 0,  1880916014
0, 4,  1989620620
0, 4,  2188451611
0, 4,  2184946842
0, 4,  2175613048
0, 4,  1983775929
0, 4,  1965915972
0, 4,  1558885636
0, 4,  1827731134
0, 4,  1967870016
0, 4,  2180956114
4, 0,  2046974921
0, 4,  1995149256
0, 4,  2053316113
0, 4,  2008560189
0, 4,  1985250994
0, 4,  1985381362
0, 4,  1989032082
0, 4,  1693831043
0, 4,  1677187526
0, 4,  1979576712
0, 4,  1883302756
0, 4,  2001976060
0, 4,  1751070603
4, 0,  1832353507
0, 4,  2063718381
0, 4,  2190786091
0, 4,  2051626532
4, 0,  2070619778
0, 4,  1833814026
0, 4,  2068889317
0, 4,  2056753493
0, 4,  2182554520
0, 4,  2044847206
0, 4,  2070659906
0, 4,  1998959247
0, 4,  1989195577
0, 4,  1963996382
0, 4,  1834759443
0, 4,  2033645275
0, 4,  2062626062
0, 4,  1968849683
0, 4,  2070151359
0, 4,  1793119103
4, 0,  1825020589
4, 0,  2052620702
0, 4,  1956419582
0, 4,  1980616407
0, 4,  1982017001
0, 4,  2052120280
0, 4,  2002710750
0, 4,  1933223520
0, 4,  2045170678
0, 4,  2049461341
0, 4,  2070208887
0, 4,  1991151591
0, 4,  1996336233
0, 4,  1970766326
4, 0,  2257633883
0, 4,  1827423272
0, 4,  1556986559
0, 4,  2190993571
0, 4,  2193031733
0, 4,  1688818625
0, 4,  2062471637
0, 4,  1996257822
0, 4,  1558676679
0, 4,  1983486277
0, 4,  2192082966
0, 4,  1978013489
0, 4,  1679244716
0, 4,  2051733249
0, 4,  2014458923
0, 4,  1994997850
0, 4,  2059382227
0, 4,  1996257100
0, 4,  1467823046
0, 4,  2061365229
0, 4,  1988702663
0, 4,  2072190105
4, 0,  1991070443
0, 4,  2188721684
0, 4,  2176113214
0, 4,  2013932949
0, 4,  1826036855
4, 0,  2262732886
0, 4,  1970894728
0, 4,  1973965423
0, 4,  1687125121
0, 4,  2016283067
0, 4,  1996276529
4, 0,  2049930071
0, 4,  1687039845
0, 4,  2015667870
4, 0,  2045198125
0, 4,  1557242756
0, 4,  2011927964
0, 4,  1977579125
0, 4,  1880937071
0, 4,  2054502346
0, 4,  1971559168
0, 4,  2063874324
4, 0,  2259289000
0, 4,  1693378839
0, 4,  2189925441
0, 4,  1468771452
0, 4,  2058365065
0, 4,  1827778353
0, 4,  1558023873
0, 4,  1997678040
0, 4,  2047790779
0, 4,  1573752902
0, 4,  1980017547
4, 0,  2052150386
0, 4,  1996916724
0, 4,  1961529066
0, 4,  2051243390
0, 4,  1827437673
0, 4,  2062924267
0, 4,  1970154971
0, 4,  1563578431
0, 4,  1968939086
0, 4,  2030755804
4, 0,  1965531224
0, 4,  1881605978
4, 0,  2006459542
0, 4,  1835354843
4, 0,  2059947755
0, 4,  2190762722
0, 4,  1980745472
0, 4,  1971279523
0, 4,  1753954293
0, 4,  2186675200
4, 0,  1981391396
0, 4,  1932700944
0, 4,  1883557531
0, 4,  2188614048
0, 4,  1550847854
4, 0,  1558066637
0, 4,  1969209470
0, 4,  1827968565
0, 4,  1978309098
0, 4,  1557388067
0, 4,  2065697920
0, 4,  2061394960
4, 0,  2241035564
0, 4,  2188341779
0, 4,  2047856380
0, 4,  1984395758
0, 4,  1973809367
0, 4,  2072111426
0, 4,  1989824831
0, 4,  1978385104
0, 4,  1881208484
4, 0,  2266118560
4, 0,  2007794059
0, 4,  1836189437
0, 4,  2176348547
0, 4,  1694457763
0, 4,  2180749928
0, 4,  1974202420
0, 4,  1933020610
4, 0,  1969315147
0, 4,  1469070167
0, 4,  1686468863
0, 4,  1957053685
0, 4,  2051209469
0, 4,  1685919168
4, 0,  1982668299
0, 4,  1964937946
0, 4,  1972212603
0, 4,  1956277054
0, 4,  1970228625
0, 4,  2067470870
0, 4,  1469070756
0, 4,  2067470521
0, 4,  2181703292
0, 4,  2050320538
0, 4,  1469729377
0, 4,  2057011796
0, 4,  2188849060
0, 4,  2193319752
0, 4,  1564039569
0, 4,  1972897232
0, 4,  2187137184
0, 4,  2069789663
0, 4,  1770980190
0, 4,  2065940314
0, 4,  1997048398
0, 4,  1880294252
0, 4,  2055997262
4, 0,  1990436133
4, 0,  2245768020
0, 4,  1978544281
0, 4,  2057690792
0, 4,  2044641822
0, 4,  2061458016
0, 4,  1996536526
0, 4,  2184852607
4, 0,  2000761412
0, 4,  2000600923
0, 4,  2002255385
0, 4,  1972774537
4, 0,  2257715156
4, 0,  1556794166
0, 4,  1983570480
4, 0,  1974714908
0, 4,  1999932520
0, 4,  1957170147
4, 0,  1971353515
0, 4,  1824544773
0, 4,  1989713332
0, 4,  1979390778
0, 4,  1977027067
0, 4,  1990969320
0, 4,  2064896422
0, 4,  1469814230
0, 4,  2056681745
0, 4,  1971019281
0, 4,  1998433269
0, 4,  1976303820
0, 4,  1553773447
0, 4,  2071729124
4, 0,  2199031203
0, 4,  1692528269
0, 4,  2052447363
0, 4,  1880343469
0, 4,  1880534453
4, 0,  2071909765
0, 4,  1989797455
0, 4,  2185145207
0, 4,  2191529785
4, 0,  2066148319
0, 4,  2049911847
0, 4,  2072190320
0, 4,  1994891527
0, 4,  2068275388
0, 4,  2057801749
0, 4,  1677055474
0, 4,  2055509594
0, 4,  1793829089
0, 4,  2072188554
0, 4,  1832351284
0, 4,  2000791379
0, 4,  1751953066
0, 4,  2001967083
0, 4,  1997964277
4, 0,  1964127614
4, 0,  1964246804
4, 0,  1963531079
0, 4,  2064200474
0, 4,  2053848707
0, 4,  1980566488
0, 4,  1686826510
0, 4,  2186362818
0, 4,  1984053105
0, 4,  1693832593
0, 4,  1882972314
4, 0,  2176689182
0, 4,  1978639293
0, 4,  1678265141
0, 4,  2190197218
0, 4,  1996460727
4, 0,  2216762051
0, 4,  2176056617
0, 4,  1999020740
0, 4,  1965563541
0, 4,  1823818049
4, 0,  2245483446
0, 4,  1976151999
0, 4,  1835247689
0, 4,  1882162648
0, 4,  2060508687
0, 4,  1824730263
4, 0,  1834399328
0, 4,  1990602310
0, 4,  2066029664
0, 4,  1688114114
0, 4,  2072052753
0, 4,  1551807114
0, 4,  2177484548
4, 0,  1793224145
0, 4,  1998672713
0, 4,  1883642226
4, 0,  1971145930
4, 0,  2053566861
0, 4,  1992560349
0, 4,  2015338603
4, 0,  2221074235
0, 4,  2062501982
0, 4,  1996898673
0, 4,  2063279152
0, 4,  1555958693
0, 4,  1986006253
0, 4,  2064866860
0, 4,  2054023085
0, 4,  2015784644
0, 4,  2179629746
0, 4,  2068117437
0, 4,  2063547548
0, 4,  2052596834
0, 4,  1984847555
0, 4,  1468022154
0, 4,  1970664050
0, 4,  1977982912
4, 0,  2251369112
0, 4,  1984968426
4, 0,  2182877447
0, 4,  2062312513
0, 4,  1836226421
0, 4,  2031180864
0, 4,  2049284937
0, 4,  2061198652
0, 4,  1983675710
0, 4,  1469504022
0, 4,  2186315852
0, 4,  1752773617
0, 4,  2050829441
0, 4,  1564503761
0, 4,  2062303571
0, 4,  2187137083
0, 4,  1975311014
0, 4,  1563758374
0, 4,  2017015076
0, 4,  1996216128
4, 0,  1990297488
4, 0,  2209360951
4, 0,  1990849423
0, 4,  1970792485
0, 4,  1553240921
0, 4,  2071480203
0, 4,  2052551115
4, 0,  2325554288
0, 4,  1986218493
0, 4,  2068965661
0, 4,  1828053716
0, 4,  1968025577
0, 4,  1827994387
0, 4,  2187392022
0, 4,  2052719106
4, 0,  2018630688
0, 4,  1996174940
0, 4,  1957074070
4, 0,  2217050969
0, 4,  2052907212
0, 4,  1971781491
0, 4,  2001577743
0, 4,  1975629391
0, 4,  2055072550
0, 4,  1677426682
0, 4,  1694293402
4, 0,  1826996660
0, 4,  1835232582
4, 0,  2254191261
0, 4,  2015151444
0, 4,  1833895960
0, 4,  2000153119
0, 4,  2053682206
0, 4,  2063080732
0, 4,  1978842391
0, 4,  2178933785
0, 4,  2193453250
4, 0,  2288758190
0, 4,  1962398562
0, 4,  2063857603
0, 4,  1989903419
0, 4,  2053454557
0, 4,  1695618512
0, 4,  1833525699
0, 4,  1694930756
0, 4,  1978725460
0, 4,  1967060734
0, 4,  2061904935
4, 0,  2238400338
0, 4,  1681138808
0, 4,  2068799191
0, 4,  1932429824
0, 4,  2187880655
4, 0,  2321411312
0, 4,  1759770550
0, 4,  2175276118
0, 4,  2064926375
0, 4,  1966617022
0, 4,  1933174799
0, 4,  1563513464
4, 0,  1795267023
0, 4,  1468296996
0, 4,  2061698312
4, 0,  2190671657
0, 4,  1999821888
0, 4,  1967812818
0, 4,  1469369598
0, 4,  1976531735
0, 4,  2050320354
0, 4,  1557190149
0, 4,  2175040513
0, 4,  2189142059
0, 4,  2016976610
0, 4,  2066463494
0, 4,  1956941140
0, 4,  2189126303
4, 0,  1960864881
0, 4,  2064594138
0, 4,  2052260030
0, 4,  2184181848
0, 4,  1564218035
4, 0,  1965698138
0, 4,  1997540025
0, 4,  2055401830
4, 0,  2014720087
0, 4,  1983970733
0, 4,  2189539236
0, 4,  2064939807
0, 4,  2064302992
0, 4,  2065609481
4, 0,  1881019472
4, 0,  1822897576
0, 4,  2175838811
0, 4,  1996087965
0, 4,  1978081358
4, 0,  2299850927
0, 4,  1559677492
4, 0,  2322815267
0, 4,  1962798803
0, 4,  2051944893
0, 4,  1827705794
4, 0,  1985196593
0, 4,  1684847233
4, 0,  2174809480
0, 4,  1469702598
0, 4,  1834355575
0, 4,  2013470451
0, 4,  2015722464
0, 4,  2002830925
4, 0,  2014908428
0, 4,  1995851607
0, 4,  2003129899
0, 4,  1573579796
0, 4,  2190256756
0, 4,  1678052959
0, 4,  1794909438
0, 4,  1469588368
0, 4,  1971017104
4, 0,  1991756511
0, 4,  1980311345
0, 4,  2045197729
0, 4,  2061541501
0, 4,  2178122491
0, 4,  1967904382
0, 4,  2018221648
0, 4,  2002418829
0, 4,  2068817613
0, 4,  1824657769
0, 4,  1677579918
0, 4,  2014949754
0, 4,  1468956216
0, 4,  2014703614
0, 4,  1792325654
0, 4,  1966672119
0, 4,  2063383383
4, 0,  1564539484
4, 0,  2194073328
4, 0,  2247364141
4, 0,  1992501732
0, 4,  1972634122
0, 4,  1687184919
0, 4,  2057674039
0, 4,  1752444039
0, 4,  1970370261
0, 4,  2179652943
4, 0,  2072213230
0, 4,  1694222692
0, 4,  1751537806
0, 4,  2071244554
0, 4,  1964418135
0, 4,  2059881665
0, 4,  1999390533
0, 4,  2058043241
0, 4,  2014825212
0, 4,  1557400497
0, 4,  2059232262
0, 4,  1974851263
0, 4,  1965544428
0, 4,  2052173376
0, 4,  1956687021
0, 4,  1467916714
0, 4,  2030738793
0, 4,  1977641273
0, 4,  2190362980
0, 4,  2182890128
0, 4,  1995192416
0, 4,  2064646285
0, 4,  1971112157
0, 4,  1881993221
0, 4,  1792327149
4, 0,  1982747550
0, 4,  1564781606
0, 4,  1824182353
0, 4,  1967005106
0, 4,  1824246100
0, 4,  2070786766
0, 4,  1834663105
0, 4,  1563796454
0, 4,  2032695643
0, 4,  2191003412
0, 4,  1972472818
0, 4,  1975533891
0, 4,  2015053056
4, 0,  2262156029
0, 4,  1957669592
0, 4,  2175736042
4, 0,  2044050625
4, 0,  2187856818
4, 0,  2056748199
0, 4,  1824203706
0, 4,  1971109316
0, 4,  1557616264
0, 4,  1968023841
0, 4,  2189629115
0, 4,  1955984349
0, 4,  2050154067
4, 0,  2251176695
0, 4,  1985314329
0, 4,  1992313668
0, 4,  1972987530
0, 4,  1961113314
0, 4,  1551747064
0, 4,  1827939149
0, 4,  1692216922
0, 4,  1966946892
0, 4,  2071795540
0, 4,  2011632671
0, 4,  2180548126
0, 4,  1880313657
0, 4,  1753094805
0, 4,  1685006271
4, 0,  2224213902
0, 4,  2181699770
4, 0,  2228807283
4, 0,  1976905800
4, 0,  2243143982
0, 4,  1970470700
0, 4,  2000334964
0, 4,  2069604944
0, 4,  2191405616
0, 4,  1988807719
0, 4,  2065663298
0, 4,  2012153004
0, 4,  1971194864
0, 4,  2053132095
0, 4,  1970074958
0, 4,  2001771572
0, 4,  2033595822
4, 0,  2218317947
4, 0,  2203840337
0, 4,  1962939981
0, 4,  1998085972
0, 4,  2176448403
0, 4,  2062657613
0, 4,  2192247079
0, 4,  1880771065
0, 4,  1981438938
0, 4,  1993728824
4, 0,  1932488838
0, 4,  1793437471
0, 4,  2008811063
4, 0,  1573194907
0, 4,  1986718029
0, 4,  2039753658
0, 4,  1679841720
4, 0,  1973528321
0, 4,  2048412737
0, 4,  1967775539
4, 0,  2176742615
0, 4,  1996897701
0, 4,  1564666537
0, 4,  1992456581
0, 4,  1981279182
0, 4,  1556723578
0, 4,  2062064990
0, 4,  1972294343
0, 4,  1998393397
4, 0,  2175423138
0, 4,  1988746884
0, 4,  2189296222
0, 4,  1932940222
0, 4,  1688078901
0, 4,  1548499336
0, 4,  1961152410
0, 4,  2063838944
0, 4,  1677686886
0, 4,  1834375554
4, 0,  2045149945
0, 4,  2184043052
0, 4,  2067453180
0, 4,  1963136615
0, 4,  1694954454
4, 0,  2056236919
0, 4,  2185013701
0, 4,  2002467623
0, 4,  1995592533
0, 4,  1963136456
4, 0,  2242235405
0, 4,  1967621226
0, 4,  2049538150
4, 0,  2062618897
0, 4,  1551745647
0, 4,  1564602778
0, 4,  1961767016
0, 4,  1694835175
0, 4,  1969594282
0, 4,  2179605004
0, 4,  1880755293
4, 0,  2266438643
0, 4,  2066046726
0, 4,  2001077413
4, 0,  1988771138
4, 0,  1970432147
0, 4,  2064209906
0, 4,  1990051361
0, 4,  1979007194
0, 4,  2067799777
0, 4,  1694203788
0, 4,  2061362441
0, 4,  1694533702
0, 4,  1991813121
0, 4,  1827648294
0, 4,  1881929786
0, 4,  2188973473
0, 4,  1470184592
0, 4,  1982515350
0, 4,  2185873640
0, 4,  2069863475
0, 4,  1989174434
0, 4,  1690978029
0, 4,  1985473664
0, 4,  1969942600
0, 4,  1556795454
0, 4,  1988736262
0, 4,  2190606740
0, 4,  1961552457
0, 4,  2052260949
0, 4,  1971873550
0, 4,  2176526413
0, 4,  2067586792
0, 4,  1980244299
0, 4,  1880017546
0, 4,  1975939493
0, 4,  1997425873
0, 4,  1677596084
0, 4,  1990397691
0, 4,  2064095731
0, 4,  2176895291
0, 4,  2062725172
0, 4,  1686267004
0, 4,  2013805585
0, 4,  1827575139
0, 4,  2000827514
0, 4,  2032749464
0, 4,  2051122165
0, 4,  1564829112
0, 4,  1796857377
0, 4,  1753869051
0, 4,  2066211597
0, 4,  2001437337
0, 4,  1993120594
0, 4,  1990550287
0, 4,  1823541633
0, 4,  2062797552
0, 4,  1560005525
0, 4,  1677133500
0, 4,  1980552206
0, 4,  1827846187
0, 4,  1573511997
4, 0,  1573359893
0, 4,  2057041948
4, 0,  1983050211
0, 4,  2063375019
0, 4,  1827074878
0, 4,  2053908077
4, 0,  2175847582
0, 4,  1836117517
0, 4,  1985400868
4, 0,  1970907096
0, 4,  2179031720
0, 4,  2053946844
0, 4,  2003312248
4, 0,  1932894075
0, 4,  2014023325
0, 4,  1982874538
4, 0,  1754318478
0, 4,  2048283830
0, 4,  1979058240
0, 4,  2050734300
0, 4,  2016399431
0, 4,  2064742609
0, 4,  2064458132
0, 4,  1833377886
0, 4,  2187819408
0, 4,  1558026471
0, 4,  1882248866
0, 4,  1826278428
4, 0,  2069097190
0, 4,  1998956190
0, 4,  2174660802
4, 0,  2012552114
0, 4,  1970409553
0, 4,  1976972661
0, 4,  1976950602
0, 4,  2000415571
0, 4,  2002777609
0, 4,  2065103968
0, 4,  2002153594
0, 4,  1971231329
0, 4,  2001975769
0, 4,  1573252988
0, 4,  1997389920
4, 0,  1970650501
0, 4,  1982906648
0, 4,  1685608923
0, 4,  1970419886
0, 4,  2070407635
0, 4,  1990953879
4, 0,  2060234867
0, 4,  2059648459
0, 4,  2063684549
4, 0,  2056515412
0, 4,  2169458775
0, 4,  2049365035
0, 4,  2190046061
0, 4,  1974201413
0, 4,  2178740924
0, 4,  2056371849
0, 4,  1794783456
0, 4,  1981904422
0, 4,  2053816641
0, 4,  1957542093
0, 4,  2009589317
0, 4,  1963027980
0, 4,  1990682302
0, 4,  2060000387
4, 0,  2054371561
4, 0,  1469332239
0, 4,  2004452778
0, 4,  1999431750
0, 4,  1984816341
0, 4,  2192768638
0, 4,  1956587269
0, 4,  2052966652
0, 4,  1833802829
0, 4,  1793372939
0, 4,  1833994033
4, 0,  1564105972
0, 4,  2185241564
0, 4,  1882466664
4, 0,  1981613499
4, 0,  2175447381
0, 4,  2063033821
0, 4,  1958097406
0, 4,  1999292398
0, 4,  1828075090
4, 0,  2057402708
0, 4,  2055323546
0, 4,  2017684590
0, 4,  2070152475
0, 4,  1967192456
0, 4,  2065058118
0, 4,  1981788047
0, 4,  1979805165
0, 4,  2057993029
0, 4,  1997676392
0, 4,  1986156092
0, 4,  1967024614
0, 4,  2189784403
0, 4,  2060244405
0, 4,  2012723809
0, 4,  1989487145
0, 4,  2183123669
0, 4,  1695083053
0, 4,  2054609470
0, 4,  1677809658
0, 4,  2184484092
0, 4,  1557556783
0, 4,  1976799764
0, 4,  2182498321
4, 0,  2199660687
0, 4,  1956057911
0, 4,  1983433495
0, 4,  2016418013
4, 0,  2242703083
0, 4,  1678944638
0, 4,  2069100653
0, 4,  1827741268
0, 4,  1956162403
0, 4,  2058518347
0, 4,  1978568963
0, 4,  1880267048
4, 0,  1752610713
0, 4,  1676827338
0, 4,  1880225980
0, 4,  2053047305
0, 4,  2191404569
4, 0,  1980822577
0, 4,  2183022073
0, 4,  2053395961
0, 4,  2176339281
0, 4,  2000709333
0, 4,  1961593466
0, 4,  1563867822
0, 4,  1973400421
0, 4,  2183598376
0, 4,  1824287960
0, 4,  1695163882
0, 4,  1975233353
0, 4,  2044930613
0, 4,  2071283443
0, 4,  2067939553
0, 4,  1825067071
0, 4,  2053570379
0, 4,  2187136336
4, 0,  2222998822
0, 4,  2002125907
0, 4,  2049126572
0, 4,  2066047292
0, 4,  2177409655
0, 4,  2003263095
0, 4,  1696215891
0, 4,  1833011400
0, 4,  2002298070
0, 4,  1828076023
0, 4,  1974810732
0, 4,  2064782348
0, 4,  2189151970
0, 4,  1996954921
0, 4,  1991478224
0, 4,  1883057960
4, 0,  1771198039
4, 0,  2053835647
4, 0,  2201302800
0, 4,  1985101337
0, 4,  2063487927
0, 4,  1754262621
4, 0,  2174502244
0, 4,  2058177928
0, 4,  1976778499
0, 4,  2062363245
0, 4,  1998229914
0, 4,  2053049697
0, 4,  2052161749
0, 4,  1999236514
4, 0,  1825339978
0, 4,  1991137055
0, 4,  1880522469
0, 4,  1992419107
0, 4,  1977080525
0, 4,  2058911622
0, 4,  2005061254
0, 4,  1969880633
0, 4,  2014753901
0, 4,  1976122985
4, 0,  1792935004
0, 4,  2053349903
0, 4,  2059202007
0, 4,  1755315486
0, 4,  2175325792
0, 4,  1979854714
0, 4,  2048577265
0, 4,  2184298618
4, 0,  1557994455
0, 4,  2057296801
4, 0,  1564644828
0, 4,  1970622050
0, 4,  2191353581
0, 4,  2015050080
0, 4,  2052475977
0, 4,  1693087186
0, 4,  1677093740
4, 0,  1695403228
0, 4,  2058673557
4, 0,  1822828419
0, 4,  2063670534
0, 4,  1984733349
0, 4,  2188416783
0, 4,  1932914321
0, 4,  1755708109
0, 4,  1833813489
4, 0,  1678752734
0, 4,  1980868582
0, 4,  2011505296
0, 4,  1990224474
0, 4,  1969916943
4, 0,  1974234356
0, 4,  1563718962
0, 4,  2008431459
0, 4,  2184761765
0, 4,  2188751676
4, 0,  2051484319
0, 4,  1573385524
0, 4,  1564855103
0, 4,  1882146601
0, 4,  1984518086
0, 4,  2065508449
0, 4,  1932397291
4, 0,  1563766071
4, 0,  2303069994
0, 4,  1685030594
0, 4,  1771004434
0, 4,  2184530537
0, 4,  2055619526
0, 4,  1983589353
0, 4,  1975879642
0, 4,  2071479116
0, 4,  1833380117
0, 4,  1825082416
0, 4,  1983085431
0, 4,  1881451798
4, 0,  2235136977
4, 0,  1983327129
0, 4,  1754024315
4, 0,  1686980690
0, 4,  2189065358
0, 4,  1834830511
0, 4,  2179106603
0, 4,  1994699758
0, 4,  2056208327
0, 4,  1978998204
4, 0,  2048285610
0, 4,  1990906642
0, 4,  1684927674
4, 0,  1982818445
0, 4,  1975628152
4, 0,  2298574717
0, 4,  1557632526
0, 4,  1961292123
4, 0,  1985629149
4, 0,  1553301492
0, 4,  2001666523
4, 0,  1826522063
0, 4,  1956341748
4, 0,  2264047054
0, 4,  1826381789
0, 4,  2004685835
0, 4,  1548752185
0, 4,  2059699785
4, 0,  2050405413
0, 4,  1827610629
4, 0,  2218053895
0, 4,  1989970487
0, 4,  2185286666
0, 4,  1996357152
0, 4,  1992229457
4, 0,  1962702878
0, 4,  1564297902
0, 4,  1468542524
4, 0,  2215070867
0, 4,  1691052283
0, 4,  1967006062
0, 4,  1556590682
0, 4,  1967115595
0, 4,  1573769994
0, 4,  2177843764
0, 4,  2063423472
0, 4,  1965619672
0, 4,  2175587142
0, 4,  2175873308
0, 4,  2008965132
0, 4,  2012722962
0, 4,  1978393108
4, 0,  2001684058
0, 4,  2013342247
0, 4,  2053801687
4, 0,  2237294763
0, 4,  1835738663
0, 4,  2064712916
0, 4,  2178232307
0, 4,  2046822666
0, 4,  1759310905
0, 4,  1557615461
0, 4,  1983950254
0, 4,  1969791643
4, 0,  2175354464
0, 4,  1957038185
0, 4,  2071303760
0, 4,  1992687023
0, 4,  1574066553
0, 4,  1833021794
0, 4,  1973879330
0, 4,  1970309195
0, 4,  1791806854
4, 0,  2230591381
0, 4,  1997388144
0, 4,  1752321034
0, 4,  1557018083
0, 4,  1999472325
4, 0,  1997064547
0, 4,  1985892780
4, 0,  1882404021
0, 4,  2013288726
0, 4,  2062765870
0, 4,  1975614726
0, 4,  2061848594
4, 0,  1983544400
0, 4,  1564299252
0, 4,  1979316474
0, 4,  2059960899
0, 4,  2060890607
0, 4,  1693609326
0, 4,  1563736537
0, 4,  2000351448
4, 0,  2220756806
0, 4,  2001525830
0, 4,  2054047875
0, 4,  1832581838
0, 4,  2188228092
0, 4,  2068725833
0, 4,  1984935450
0, 4,  1565263777
0, 4,  1880693290
0, 4,  1996595845
0, 4,  2014317083
0, 4,  1983829207
0, 4,  1563796075
4, 0,  2177170940
0, 4,  1989757455
0, 4,  1676872434
0, 4,  1957123386
0, 4,  1881140267
0, 4,  2051242290
4, 0,  2071470642
0, 4,  1992111362
0, 4,  1976215800
0, 4,  2174627668
0, 4,  1967250032
0, 4,  2070408517
4, 0,  2000937602
0, 4,  1932889340
0, 4,  2055196102
0, 4,  1834747953
4, 0,  2235278370
